month_end,trade_date,cohort_id,book,ticker,side,prev_weight,target_weight,delta_weight,rationale,sector,duration_months,strikes,px_ref_open,vt_prev,vt_curr
2025-07-31,2025-08-01,0,D10,AMBP3,L,0.018518518518518517,0.018867924528301886,0.0003494060097833686,reweight,Other,10,0,13.104,,
2025-07-31,2025-08-01,0,D10,AURA33,L,0.018518518518518517,0.018867924528301886,0.0003494060097833686,reweight,Mining,13,0,44.25956757,,
2025-07-31,2025-08-01,0,D10,AZEV4,L,0.018518518518518517,0.0,-0.018518518518518517,exit,Construction,0,0,0.56,,
2025-07-31,2025-08-01,0,D10,BBDC4,L,0.0,0.018867924528301886,0.018867924528301886,add,Financial Services,1,0,15.69084227,,
2025-07-31,2025-08-01,0,D10,BBSE3,L,0.018518518518518517,0.0,-0.018518518518518517,exit,Financial Services,6,0,32.07378512,,
2025-07-31,2025-08-01,0,D10,BLAU3,L,0.018518518518518517,0.018867924528301886,0.0003494060097833686,reweight,Chemical,7,0,12.37,,
2025-07-31,2025-08-01,0,D10,BMOB3,L,0.018518518518518517,0.0,-0.018518518518518517,exit,Software & Data,9,1,20.47,,
2025-07-31,2025-08-01,0,D10,BRFS3,L,0.018518518518518517,0.0,-0.018518518518518517,exit,Food & Beverage,0,2,20.3,,
2025-07-31,2025-08-01,0,D10,CASH3,L,0.0,0.018867924528301886,0.018867924528301886,add,Software & Data,1,0,5.62,,
2025-07-31,2025-08-01,0,D10,CEAB3,L,0.018518518518518517,0.018867924528301886,0.0003494060097833686,reweight,Trade,25,0,16.95,,
2025-07-31,2025-08-01,0,D10,CMIG4,L,0.018518518518518517,0.0,-0.018518518518518517,exit,Electric Power,12,1,10.42,,
2025-07-31,2025-08-01,0,D10,COGN3,L,0.0,0.018867924528301886,0.018867924528301886,add,Other,1,0,2.8,,
2025-07-31,2025-08-01,0,D10,CPFE3,L,0.018518518518518517,0.018867924528301886,0.0003494060097833686,reweight,Electric Power,4,2,38.31,,
2025-07-31,2025-08-01,0,D10,CPLE6,L,0.018518518518518517,0.018867924528301886,0.0003494060097833686,reweight,Electric Power,4,3,12.0,,
2025-07-31,2025-08-01,0,D10,CSMG3,L,0.018518518518518517,0.0,-0.018518518518518517,exit,Other,0,0,25.93,,
2025-07-31,2025-08-01,0,D10,CURY3,L,0.018518518518518517,0.0,-0.018518518518518517,exit,Construction,12,0,29.8,,
2025-07-31,2025-08-01,0,D10,CVCB3,L,0.0,0.018867924528301886,0.018867924528301886,add,Transportation Services,1,0,2.39,,
2025-07-31,2025-08-01,0,D10,DIRR3,L,0.018518518518518517,0.018867924528301886,0.0003494060097833686,reweight,Construction,13,1,13.13333333,,
2025-07-31,2025-08-01,0,D10,ELMD3,L,0.018518518518518517,0.0,-0.018518518518518517,exit,Other,0,0,,,
2025-07-31,2025-08-01,0,D10,EMBR3,L,0.018518518518518517,0.018867924528301886,0.0003494060097833686,reweight,Vehicle & Parts,13,1,80.7,,
2025-07-31,2025-08-01,0,D10,FESA4,L,0.018518518518518517,0.018867924528301886,0.0003494060097833686,reweight,Basic & Fabricated Metal,4,1,6.6,,
2025-07-31,2025-08-01,0,D10,FRAS3,L,0.018518518518518517,0.018867924528301886,0.0003494060097833686,reweight,Vehicle & Parts,7,0,23.83,,
2025-07-31,2025-08-01,0,D10,GGBR4,L,0.018518518518518517,0.018867924528301886,0.0003494060097833686,reweight,Basic & Fabricated Metal,7,2,16.5873578,,
2025-07-31,2025-08-01,0,D10,GMAT3,L,0.018518518518518517,0.018867924528301886,0.0003494060097833686,reweight,Trade,1,0,7.34,,
2025-07-31,2025-08-01,0,D10,GOAU4,L,0.018518518518518517,0.0,-0.018518518518518517,exit,Basic & Fabricated Metal,0,0,9.367105263,,
2025-07-31,2025-08-01,0,D10,GOLL54,L,0.018518518518518517,0.018867924528301886,0.0003494060097833686,reweight,Transportation Services,4,0,0.00674,,
2025-07-31,2025-08-01,0,D10,GRND3,L,0.018518518518518517,0.0,-0.018518518518518517,exit,Textile,3,2,5.07,,
2025-07-31,2025-08-01,0,D10,GUAR3,L,0.0,0.018867924528301886,0.018867924528301886,add,Textile,1,0,7.79,,
2025-07-31,2025-08-01,0,D10,INTB3,L,0.018518518518518517,0.0,-0.018518518518518517,exit,Electric Electron,3,0,14.12305363,,
2025-07-31,2025-08-01,0,D10,IRBR3,L,0.018518518518518517,0.018867924528301886,0.0003494060097833686,reweight,Financial Services,4,0,45.79,,
2025-07-31,2025-08-01,0,D10,ITUB4,L,0.018518518518518517,0.0,-0.018518518518518517,exit,Financial Services,3,0,35.25738771,,
2025-07-31,2025-08-01,0,D10,JBSS3,L,0.018518518518518517,0.0,-0.018518518518518517,exit,Food & Beverage,0,0,,,
2025-07-31,2025-08-01,0,D10,KLBN11,L,0.018518518518518517,0.0,-0.018518518518518517,exit,Pulp & Paper,0,0,18.47197026,,
2025-07-31,2025-08-01,0,D10,LIGT3,L,0.0,0.018867924528301886,0.018867924528301886,add,Electric Power,1,0,6.11,,
2025-07-31,2025-08-01,0,D10,LREN3,L,0.0,0.018867924528301886,0.018867924528301886,add,Trade,1,1,16.5,,
2025-07-31,2025-08-01,0,D10,MBRF3,L,0.018518518518518517,0.018867924528301886,0.0003494060097833686,reweight,Food & Beverage,13,0,21.51,,
2025-07-31,2025-08-01,0,D10,MDNE3,L,0.0,0.018867924528301886,0.018867924528301886,add,Construction,1,0,22.97,,
2025-07-31,2025-08-01,0,D10,MOTV3,L,0.018518518518518517,0.0,-0.018518518518518517,exit,Transportation Services,3,2,12.31444793,,
2025-07-31,2025-08-01,0,D10,NEOE3,L,0.0,0.018867924528301886,0.018867924528301886,add,Electric Power,1,0,24.62,,
2025-07-31,2025-08-01,0,D10,PETR4,L,0.018518518518518517,0.018867924528301886,0.0003494060097833686,reweight,Oil & Gas,31,2,32.8,,
2025-07-31,2025-08-01,0,D10,PETZ3,L,0.018518518518518517,0.018867924528301886,0.0003494060097833686,reweight,Trade,7,0,4.01,,
2025-07-31,2025-08-01,0,D10,PGMN3,L,0.018518518518518517,0.018867924528301886,0.0003494060097833686,reweight,Trade,7,0,3.89,,
2025-07-31,2025-08-01,0,D10,POMO4,L,0.018518518518518517,0.018867924528301886,0.0003494060097833686,reweight,Vehicle & Parts,1,1,8.7,,
2025-07-31,2025-08-01,0,D10,PORT3,L,0.018518518518518517,0.018867924528301886,0.0003494060097833686,reweight,Transportation Services,19,0,17.65,,
2025-07-31,2025-08-01,0,D10,POSI3,L,0.0,0.018867924528301886,0.018867924528301886,add,Electric Electron,1,2,4.0,,
2025-07-31,2025-08-01,0,D10,PRIO3,L,0.018518518518518517,0.0,-0.018518518518518517,exit,Oil & Gas,6,0,42.54,,
2025-07-31,2025-08-01,0,D10,PRNR3,L,0.018518518518518517,0.018867924528301886,0.0003494060097833686,reweight,Construction,7,0,15.44,,
2025-07-31,2025-08-01,0,D10,PSSA3,L,0.018518518518518517,0.018867924528301886,0.0003494060097833686,reweight,Financial Services,7,2,52.45,,
2025-07-31,2025-08-01,0,D10,QUAL3,L,0.0,0.018867924528301886,0.018867924528301886,add,Other,1,0,1.64,,
2025-07-31,2025-08-01,0,D10,RANI3,L,0.0,0.018867924528301886,0.018867924528301886,add,Pulp & Paper,1,1,7.414039798,,
2025-07-31,2025-08-01,0,D10,RDOR3,L,0.0,0.018867924528301886,0.018867924528301886,add,Other,1,1,33.13,,
2025-07-31,2025-08-01,0,D10,RECV3,L,0.018518518518518517,0.0,-0.018518518518518517,exit,Oil & Gas,3,0,13.64,,
2025-07-31,2025-08-01,0,D10,SBFG3,L,0.018518518518518517,0.0,-0.018518518518518517,exit,Trade,0,1,11.13,,
2025-07-31,2025-08-01,0,D10,SBSP3,L,0.018518518518518517,0.018867924528301886,0.0003494060097833686,reweight,Other,16,0,109.71,,
2025-07-31,2025-08-01,0,D10,SEER3,L,0.0,0.018867924528301886,0.018867924528301886,add,Other,1,1,8.02,,
2025-07-31,2025-08-01,0,D10,SLCE3,L,0.0,0.018867924528301886,0.018867924528301886,add,Agriculture & Fisheries,1,0,18.4,,
2025-07-31,2025-08-01,0,D10,SRNA3,L,0.0,0.018867924528301886,0.018867924528301886,add,Electric Power,1,1,11.87,,
2025-07-31,2025-08-01,0,D10,STBP3,L,0.018518518518518517,0.018867924528301886,0.0003494060097833686,reweight,Transportation Services,13,2,13.97,,
2025-07-31,2025-08-01,0,D10,SUZB3,L,0.018518518518518517,0.018867924528301886,0.0003494060097833686,reweight,Pulp & Paper,1,0,52.28,,
2025-07-31,2025-08-01,0,D10,SYNE3,L,0.018518518518518517,0.018867924528301886,0.0003494060097833686,reweight,Other,16,0,6.78,,
2025-07-31,2025-08-01,0,D10,TEND3,L,0.018518518518518517,0.018867924528301886,0.0003494060097833686,reweight,Construction,7,1,21.1486771,,
2025-07-31,2025-08-01,0,D10,TFCO4,L,0.018518518518518517,0.018867924528301886,0.0003494060097833686,reweight,Trade,4,1,14.67,,
2025-07-31,2025-08-01,0,D10,TGMA3,L,0.018518518518518517,0.018867924528301886,0.0003494060097833686,reweight,Transportation Services,34,2,35.19125231,,
2025-07-31,2025-08-01,0,D10,TIMS3,L,0.018518518518518517,0.0,-0.018518518518518517,exit,Telecommunication,45,0,20.89,,
2025-07-31,2025-08-01,0,D10,TOTS3,L,0.018518518518518517,0.0,-0.018518518518518517,exit,Software & Data,3,0,43.99,,
2025-07-31,2025-08-01,0,D10,TRIS3,L,0.018518518518518517,0.018867924528301886,0.0003494060097833686,reweight,Construction,4,0,6.21,,
2025-07-31,2025-08-01,0,D10,TTEN3,L,0.018518518518518517,0.018867924528301886,0.0003494060097833686,reweight,Agriculture & Fisheries,10,0,13.7,,
2025-07-31,2025-08-01,0,D10,UNIP6,L,0.0,0.018867924528301886,0.018867924528301886,add,Chemical,1,0,52.23086899,,
2025-07-31,2025-08-01,0,D10,VBBR3,L,0.0,0.018867924528301886,0.018867924528301886,add,Oil & Gas,1,0,21.65,,
2025-07-31,2025-08-01,0,D10,VIVT3,L,0.018518518518518517,0.018867924528301886,0.0003494060097833686,reweight,Telecommunication,10,0,31.64,,
2025-07-31,2025-08-01,0,D10,VLID3,L,0.018518518518518517,0.018867924528301886,0.0003494060097833686,reweight,Other,28,2,22.3,,
2025-07-31,2025-08-01,0,D10,VULC3,L,0.018518518518518517,0.018867924528301886,0.0003494060097833686,reweight,Textile,4,0,18.72312655,,
2025-07-31,2025-08-01,0,D10,YDUQ3,L,0.0,0.018867924528301886,0.018867924528301886,add,Other,1,0,13.2,,
2025-07-31,2025-08-01,1,D10,AMBP3,L,0.02,0.02,0.0,keep,Other,9,0,13.104,,
2025-07-31,2025-08-01,1,D10,AURA33,L,0.02,0.02,0.0,keep,Mining,12,0,44.25956757,,
2025-07-31,2025-08-01,1,D10,BBSE3,L,0.02,0.02,0.0,keep,Financial Services,6,0,32.07378512,,
2025-07-31,2025-08-01,1,D10,BHIA3,L,0.02,0.02,0.0,keep,Trade,3,0,3.12,,
2025-07-31,2025-08-01,1,D10,BLAU3,L,0.02,0.02,0.0,keep,Chemical,6,0,12.37,,
2025-07-31,2025-08-01,1,D10,BMOB3,L,0.02,0.02,0.0,keep,Software & Data,9,1,20.47,,
2025-07-31,2025-08-01,1,D10,CEAB3,L,0.02,0.02,0.0,keep,Trade,24,0,16.95,,
2025-07-31,2025-08-01,1,D10,CMIG4,L,0.02,0.02,0.0,keep,Electric Power,12,1,10.42,,
2025-07-31,2025-08-01,1,D10,CPFE3,L,0.02,0.02,0.0,keep,Electric Power,6,0,38.31,,
2025-07-31,2025-08-01,1,D10,CPLE6,L,0.02,0.02,0.0,keep,Electric Power,3,2,12.0,,
2025-07-31,2025-08-01,1,D10,CURY3,L,0.02,0.02,0.0,keep,Construction,15,0,29.8,,
2025-07-31,2025-08-01,1,D10,CVCB3,L,0.02,0.02,0.0,keep,Transportation Services,3,1,2.39,,
2025-07-31,2025-08-01,1,D10,DIRR3,L,0.02,0.02,0.0,keep,Construction,12,1,13.13333333,,
2025-07-31,2025-08-01,1,D10,ELET3,L,0.02,0.02,0.0,keep,Electric Power,3,0,36.51941908,,
2025-07-31,2025-08-01,1,D10,ELMD3,L,0.02,0.02,0.0,keep,Other,1,0,,,
2025-07-31,2025-08-01,1,D10,EMBR3,L,0.02,0.02,0.0,keep,Vehicle & Parts,15,1,80.7,,
2025-07-31,2025-08-01,1,D10,EQTL3,L,0.02,0.02,0.0,keep,Electric Power,3,0,34.33,,
2025-07-31,2025-08-01,1,D10,FESA4,L,0.02,0.02,0.0,keep,Basic & Fabricated Metal,3,0,6.6,,
2025-07-31,2025-08-01,1,D10,FRAS3,L,0.02,0.02,0.0,keep,Vehicle & Parts,12,0,23.83,,
2025-07-31,2025-08-01,1,D10,GGBR4,L,0.02,0.02,0.0,keep,Basic & Fabricated Metal,9,2,16.5873578,,
2025-07-31,2025-08-01,1,D10,GOLL54,L,0.02,0.02,0.0,keep,Transportation Services,3,2,0.00674,,
2025-07-31,2025-08-01,1,D10,INTB3,L,0.02,0.02,0.0,keep,Electric Electron,3,0,14.12305363,,
2025-07-31,2025-08-01,1,D10,IRBR3,L,0.02,0.02,0.0,keep,Financial Services,6,0,45.79,,
2025-07-31,2025-08-01,1,D10,JBSS3,L,0.02,0.02,0.0,keep,Food & Beverage,1,0,,,
2025-07-31,2025-08-01,1,D10,LREN3,L,0.02,0.02,0.0,keep,Trade,9,1,16.5,,
2025-07-31,2025-08-01,1,D10,MBRF3,L,0.02,0.02,0.0,keep,Food & Beverage,18,1,21.51,,
2025-07-31,2025-08-01,1,D10,MDNE3,L,0.02,0.02,0.0,keep,Construction,3,1,22.97,,
2025-07-31,2025-08-01,1,D10,NEOE3,L,0.02,0.02,0.0,keep,Electric Power,3,0,24.62,,
2025-07-31,2025-08-01,1,D10,PETR4,L,0.02,0.02,0.0,keep,Oil & Gas,12,0,32.8,,
2025-07-31,2025-08-01,1,D10,PETZ3,L,0.02,0.02,0.0,keep,Trade,9,0,4.01,,
2025-07-31,2025-08-01,1,D10,PGMN3,L,0.02,0.02,0.0,keep,Trade,6,0,3.89,,
2025-07-31,2025-08-01,1,D10,PLPL3,L,0.02,0.02,0.0,keep,Construction,3,0,13.2,,
2025-07-31,2025-08-01,1,D10,PORT3,L,0.02,0.02,0.0,keep,Transportation Services,27,1,17.65,,
2025-07-31,2025-08-01,1,D10,PRIO3,L,0.02,0.02,0.0,keep,Oil & Gas,6,0,42.54,,
2025-07-31,2025-08-01,1,D10,PRNR3,L,0.02,0.02,0.0,keep,Construction,6,0,15.44,,
2025-07-31,2025-08-01,1,D10,PSSA3,L,0.02,0.02,0.0,keep,Financial Services,12,1,52.45,,
2025-07-31,2025-08-01,1,D10,SBFG3,L,0.02,0.02,0.0,keep,Trade,1,0,11.13,,
2025-07-31,2025-08-01,1,D10,SBSP3,L,0.02,0.02,0.0,keep,Other,15,0,109.71,,
2025-07-31,2025-08-01,1,D10,STBP3,L,0.02,0.02,0.0,keep,Transportation Services,15,2,13.97,,
2025-07-31,2025-08-01,1,D10,SUZB3,L,0.02,0.02,0.0,keep,Pulp & Paper,1,0,52.28,,
2025-07-31,2025-08-01,1,D10,SYNE3,L,0.02,0.02,0.0,keep,Other,15,2,6.78,,
2025-07-31,2025-08-01,1,D10,TGMA3,L,0.02,0.02,0.0,keep,Transportation Services,9,0,35.19125231,,
2025-07-31,2025-08-01,1,D10,TIMS3,L,0.02,0.02,0.0,keep,Telecommunication,45,0,20.89,,
2025-07-31,2025-08-01,1,D10,TOTS3,L,0.02,0.02,0.0,keep,Software & Data,3,1,43.99,,
2025-07-31,2025-08-01,1,D10,TRIS3,L,0.02,0.02,0.0,keep,Construction,3,0,6.21,,
2025-07-31,2025-08-01,1,D10,TTEN3,L,0.02,0.02,0.0,keep,Agriculture & Fisheries,9,0,13.7,,
2025-07-31,2025-08-01,1,D10,UNIP6,L,0.02,0.02,0.0,keep,Chemical,3,0,52.23086899,,
2025-07-31,2025-08-01,1,D10,VIVT3,L,0.02,0.02,0.0,keep,Telecommunication,48,4,31.64,,
2025-07-31,2025-08-01,1,D10,VLID3,L,0.02,0.02,0.0,keep,Other,6,1,22.3,,
2025-07-31,2025-08-01,1,D10,VULC3,L,0.02,0.02,0.0,keep,Textile,6,0,18.72312655,,
2025-07-31,2025-08-01,2,D10,AMBP3,L,0.02,0.02,0.0,keep,Other,11,0,13.104,,
2025-07-31,2025-08-01,2,D10,AURA33,L,0.02,0.02,0.0,keep,Mining,11,0,44.25956757,,
2025-07-31,2025-08-01,2,D10,B3SA3,L,0.02,0.02,0.0,keep,Financial Services,2,1,12.71,,
2025-07-31,2025-08-01,2,D10,BBSE3,L,0.02,0.02,0.0,keep,Financial Services,8,0,32.07378512,,
2025-07-31,2025-08-01,2,D10,BLAU3,L,0.02,0.02,0.0,keep,Chemical,8,0,12.37,,
2025-07-31,2025-08-01,2,D10,CASH3,L,0.02,0.02,0.0,keep,Software & Data,2,0,5.62,,
2025-07-31,2025-08-01,2,D10,CEAB3,L,0.02,0.02,0.0,keep,Trade,26,0,16.95,,
2025-07-31,2025-08-01,2,D10,CMIG4,L,0.02,0.02,0.0,keep,Electric Power,14,0,10.42,,
2025-07-31,2025-08-01,2,D10,COGN3,L,0.02,0.02,0.0,keep,Other,2,0,2.8,,
2025-07-31,2025-08-01,2,D10,CPFE3,L,0.02,0.02,0.0,keep,Electric Power,5,0,38.31,,
2025-07-31,2025-08-01,2,D10,CPLE6,L,0.02,0.02,0.0,keep,Electric Power,29,1,12.0,,
2025-07-31,2025-08-01,2,D10,CURY3,L,0.02,0.02,0.0,keep,Construction,14,1,29.8,,
2025-07-31,2025-08-01,2,D10,DIRR3,L,0.02,0.02,0.0,keep,Construction,14,1,13.13333333,,
2025-07-31,2025-08-01,2,D10,ELET3,L,0.02,0.02,0.0,keep,Electric Power,2,0,36.51941908,,
2025-07-31,2025-08-01,2,D10,EMBR3,L,0.02,0.02,0.0,keep,Vehicle & Parts,14,0,80.7,,
2025-07-31,2025-08-01,2,D10,EQTL3,L,0.02,0.02,0.0,keep,Electric Power,2,1,34.33,,
2025-07-31,2025-08-01,2,D10,FESA4,L,0.02,0.02,0.0,keep,Basic & Fabricated Metal,5,1,6.6,,
2025-07-31,2025-08-01,2,D10,FRAS3,L,0.02,0.02,0.0,keep,Vehicle & Parts,8,0,23.83,,
2025-07-31,2025-08-01,2,D10,GOLL54,L,0.02,0.02,0.0,keep,Transportation Services,5,2,0.00674,,
2025-07-31,2025-08-01,2,D10,GUAR3,L,0.02,0.02,0.0,keep,Textile,2,0,7.79,,
2025-07-31,2025-08-01,2,D10,IRBR3,L,0.02,0.02,0.0,keep,Financial Services,5,0,45.79,,
2025-07-31,2025-08-01,2,D10,KEPL3,L,0.02,0.02,0.0,keep,Basic & Fabricated Metal,2,0,6.887990101,,
2025-07-31,2025-08-01,2,D10,LREN3,L,0.02,0.02,0.0,keep,Trade,8,0,16.5,,
2025-07-31,2025-08-01,2,D10,MBRF3,L,0.02,0.02,0.0,keep,Food & Beverage,11,0,21.51,,
2025-07-31,2025-08-01,2,D10,MDNE3,L,0.02,0.02,0.0,keep,Construction,2,1,22.97,,
2025-07-31,2025-08-01,2,D10,NEOE3,L,0.02,0.02,0.0,keep,Electric Power,2,0,24.62,,
2025-07-31,2025-08-01,2,D10,PCAR3,L,0.02,0.02,0.0,keep,Trade,2,0,3.61,,
2025-07-31,2025-08-01,2,D10,PETR4,L,0.02,0.02,0.0,keep,Oil & Gas,29,1,32.8,,
2025-07-31,2025-08-01,2,D10,PETZ3,L,0.02,0.02,0.0,keep,Trade,8,0,4.01,,
2025-07-31,2025-08-01,2,D10,PGMN3,L,0.02,0.02,0.0,keep,Trade,5,0,3.89,,
2025-07-31,2025-08-01,2,D10,PORT3,L,0.02,0.02,0.0,keep,Transportation Services,26,1,17.65,,
2025-07-31,2025-08-01,2,D10,POSI3,L,0.02,0.02,0.0,keep,Electric Electron,2,2,4.0,,
2025-07-31,2025-08-01,2,D10,PRNR3,L,0.02,0.02,0.0,keep,Construction,8,0,15.44,,
2025-07-31,2025-08-01,2,D10,PSSA3,L,0.02,0.02,0.0,keep,Financial Services,11,2,52.45,,
2025-07-31,2025-08-01,2,D10,QUAL3,L,0.02,0.02,0.0,keep,Other,2,1,1.64,,
2025-07-31,2025-08-01,2,D10,RANI3,L,0.02,0.02,0.0,keep,Pulp & Paper,2,1,7.414039798,,
2025-07-31,2025-08-01,2,D10,SBSP3,L,0.02,0.02,0.0,keep,Other,17,0,109.71,,
2025-07-31,2025-08-01,2,D10,STBP3,L,0.02,0.02,0.0,keep,Transportation Services,14,0,13.97,,
2025-07-31,2025-08-01,2,D10,SYNE3,L,0.02,0.02,0.0,keep,Other,14,1,6.78,,
2025-07-31,2025-08-01,2,D10,TEND3,L,0.02,0.02,0.0,keep,Construction,5,2,21.1486771,,
2025-07-31,2025-08-01,2,D10,TGMA3,L,0.02,0.02,0.0,keep,Transportation Services,14,1,35.19125231,,
2025-07-31,2025-08-01,2,D10,TIMS3,L,0.02,0.02,0.0,keep,Telecommunication,35,0,20.89,,
2025-07-31,2025-08-01,2,D10,TRIS3,L,0.02,0.02,0.0,keep,Construction,2,0,6.21,,
2025-07-31,2025-08-01,2,D10,TTEN3,L,0.02,0.02,0.0,keep,Agriculture & Fisheries,8,0,13.7,,
2025-07-31,2025-08-01,2,D10,UGPA3,L,0.02,0.02,0.0,keep,Oil & Gas,2,0,17.41,,
2025-07-31,2025-08-01,2,D10,UNIP6,L,0.02,0.02,0.0,keep,Chemical,2,0,52.23086899,,
2025-07-31,2025-08-01,2,D10,VBBR3,L,0.02,0.02,0.0,keep,Oil & Gas,2,0,21.65,,
2025-07-31,2025-08-01,2,D10,VIVT3,L,0.02,0.02,0.0,keep,Telecommunication,17,1,31.64,,
2025-07-31,2025-08-01,2,D10,VLID3,L,0.02,0.02,0.0,keep,Other,8,1,22.3,,
2025-07-31,2025-08-01,2,D10,VULC3,L,0.02,0.02,0.0,keep,Textile,5,0,18.72312655,,
2025-07-31,2025-08-01,0,LS,AMBP3,L,0.013653864459091369,0.011513736742410914,-0.002140127716680455,reweight,Other,10,0,13.104,1.1742323434818582,1.1744011477259135
2025-07-31,2025-08-01,0,LS,AURA33,L,0.013653864459091369,0.011513736742410914,-0.002140127716680455,reweight,Mining,13,0,44.25956757,1.1742323434818582,1.1744011477259135
2025-07-31,2025-08-01,0,LS,BBDC4,L,-0.013343549357748398,0.011513736742410914,0.02485728610015931,reweight,Financial Services,1,0,15.69084227,1.1742323434818582,1.1744011477259135
2025-07-31,2025-08-01,0,LS,BBSE3,L,0.013653864459091369,0.0,-0.013653864459091369,exit,Financial Services,6,0,32.07378512,1.1742323434818582,1.1744011477259135
2025-07-31,2025-08-01,0,LS,BLAU3,L,0.013653864459091369,0.011513736742410914,-0.002140127716680455,reweight,Chemical,7,0,12.37,1.1742323434818582,1.1744011477259135
2025-07-31,2025-08-01,0,LS,BMOB3,L,0.013653864459091369,0.0,-0.013653864459091369,exit,Software & Data,9,1,20.47,1.1742323434818582,1.1744011477259135
2025-07-31,2025-08-01,0,LS,CASH3,L,0.0,0.011513736742410914,0.011513736742410914,add,Software & Data,1,0,5.62,1.1742323434818582,1.1744011477259135
2025-07-31,2025-08-01,0,LS,CEAB3,L,0.013653864459091369,0.011513736742410914,-0.002140127716680455,reweight,Trade,25,0,16.95,1.1742323434818582,1.1744011477259135
2025-07-31,2025-08-01,0,LS,CMIG4,L,0.013653864459091369,0.0,-0.013653864459091369,exit,Electric Power,12,1,10.42,1.1742323434818582,1.1744011477259135
2025-07-31,2025-08-01,0,LS,COGN3,L,0.0,0.011513736742410914,0.011513736742410914,add,Other,1,0,2.8,1.1742323434818582,1.1744011477259135
2025-07-31,2025-08-01,0,LS,CPFE3,L,0.013653864459091369,0.011513736742410914,-0.002140127716680455,reweight,Electric Power,4,2,38.31,1.1742323434818582,1.1744011477259135
2025-07-31,2025-08-01,0,LS,CPLE6,L,0.013653864459091369,0.011513736742410914,-0.002140127716680455,reweight,Electric Power,4,3,12.0,1.1742323434818582,1.1744011477259135
2025-07-31,2025-08-01,0,LS,CURY3,L,0.013653864459091369,0.0,-0.013653864459091369,exit,Construction,12,0,29.8,1.1742323434818582,1.1744011477259135
2025-07-31,2025-08-01,0,LS,CVCB3,L,0.0,0.011513736742410914,0.011513736742410914,add,Transportation Services,1,0,2.39,1.1742323434818582,1.1744011477259135
2025-07-31,2025-08-01,0,LS,DIRR3,L,0.013653864459091369,0.011513736742410914,-0.002140127716680455,reweight,Construction,13,1,13.13333333,1.1742323434818582,1.1744011477259135
2025-07-31,2025-08-01,0,LS,EMBR3,L,0.013653864459091369,0.011513736742410914,-0.002140127716680455,reweight,Vehicle & Parts,13,1,80.7,1.1742323434818582,1.1744011477259135
2025-07-31,2025-08-01,0,LS,FESA4,L,0.013653864459091369,0.011513736742410914,-0.002140127716680455,reweight,Basic & Fabricated Metal,4,1,6.6,1.1742323434818582,1.1744011477259135
2025-07-31,2025-08-01,0,LS,FRAS3,L,0.013653864459091369,0.011513736742410914,-0.002140127716680455,reweight,Vehicle & Parts,7,0,23.83,1.1742323434818582,1.1744011477259135
2025-07-31,2025-08-01,0,LS,GGBR4,L,0.013653864459091369,0.011513736742410914,-0.002140127716680455,reweight,Basic & Fabricated Metal,7,2,16.5873578,1.1742323434818582,1.1744011477259135
2025-07-31,2025-08-01,0,LS,GOLL54,L,0.013653864459091369,0.011513736742410914,-0.002140127716680455,reweight,Transportation Services,4,0,0.00674,1.1742323434818582,1.1744011477259135
2025-07-31,2025-08-01,0,LS,GUAR3,L,0.0,0.011513736742410914,0.011513736742410914,add,Textile,1,0,7.79,1.1742323434818582,1.1744011477259135
2025-07-31,2025-08-01,0,LS,IRBR3,L,0.013653864459091369,0.011513736742410914,-0.002140127716680455,reweight,Financial Services,4,0,45.79,1.1742323434818582,1.1744011477259135
2025-07-31,2025-08-01,0,LS,ITUB4,L,0.013653864459091369,0.0,-0.013653864459091369,exit,Financial Services,3,0,35.25738771,1.1742323434818582,1.1744011477259135
2025-07-31,2025-08-01,0,LS,LIGT3,L,0.0,0.011513736742410914,0.011513736742410914,add,Electric Power,1,0,6.11,1.1742323434818582,1.1744011477259135
2025-07-31,2025-08-01,0,LS,LREN3,L,0.0,0.011513736742410914,0.011513736742410914,add,Trade,1,1,16.5,1.1742323434818582,1.1744011477259135
2025-07-31,2025-08-01,0,LS,MBRF3,L,0.013653864459091369,0.011513736742410914,-0.002140127716680455,reweight,Food & Beverage,13,0,21.51,1.1742323434818582,1.1744011477259135
2025-07-31,2025-08-01,0,LS,MDNE3,L,0.0,0.011513736742410914,0.011513736742410914,add,Construction,1,0,22.97,1.1742323434818582,1.1744011477259135
2025-07-31,2025-08-01,0,LS,MOTV3,L,0.013653864459091369,0.0,-0.013653864459091369,exit,Transportation Services,3,2,12.31444793,1.1742323434818582,1.1744011477259135
2025-07-31,2025-08-01,0,LS,NEOE3,L,0.0,0.011513736742410914,0.011513736742410914,add,Electric Power,1,0,24.62,1.1742323434818582,1.1744011477259135
2025-07-31,2025-08-01,0,LS,PETR4,L,0.013653864459091369,0.011513736742410914,-0.002140127716680455,reweight,Oil & Gas,31,2,32.8,1.1742323434818582,1.1744011477259135
2025-07-31,2025-08-01,0,LS,PETZ3,L,0.013653864459091369,0.011513736742410914,-0.002140127716680455,reweight,Trade,7,0,4.01,1.1742323434818582,1.1744011477259135
2025-07-31,2025-08-01,0,LS,PGMN3,L,0.013653864459091369,0.011513736742410914,-0.002140127716680455,reweight,Trade,7,0,3.89,1.1742323434818582,1.1744011477259135
2025-07-31,2025-08-01,0,LS,POMO4,L,0.0,0.011513736742410914,0.011513736742410914,add,Vehicle & Parts,1,1,8.7,1.1742323434818582,1.1744011477259135
2025-07-31,2025-08-01,0,LS,PORT3,L,0.013653864459091369,0.011513736742410914,-0.002140127716680455,reweight,Transportation Services,19,0,17.65,1.1742323434818582,1.1744011477259135
2025-07-31,2025-08-01,0,LS,POSI3,L,-0.013343549357748398,0.011513736742410914,0.02485728610015931,reweight,Electric Electron,1,2,4.0,1.1742323434818582,1.1744011477259135
2025-07-31,2025-08-01,0,LS,PRIO3,L,0.013653864459091369,0.0,-0.013653864459091369,exit,Oil & Gas,6,0,42.54,1.1742323434818582,1.1744011477259135
2025-07-31,2025-08-01,0,LS,PRNR3,L,0.013653864459091369,0.011513736742410914,-0.002140127716680455,reweight,Construction,7,0,15.44,1.1742323434818582,1.1744011477259135
2025-07-31,2025-08-01,0,LS,PSSA3,L,0.013653864459091369,0.011513736742410914,-0.002140127716680455,reweight,Financial Services,7,2,52.45,1.1742323434818582,1.1744011477259135
2025-07-31,2025-08-01,0,LS,QUAL3,L,0.0,0.011513736742410914,0.011513736742410914,add,Other,1,0,1.64,1.1742323434818582,1.1744011477259135
2025-07-31,2025-08-01,0,LS,RANI3,L,0.0,0.011513736742410914,0.011513736742410914,add,Pulp & Paper,1,1,7.414039798,1.1742323434818582,1.1744011477259135
2025-07-31,2025-08-01,0,LS,RDOR3,L,0.0,0.011513736742410914,0.011513736742410914,add,Other,1,1,33.13,1.1742323434818582,1.1744011477259135
2025-07-31,2025-08-01,0,LS,RECV3,L,0.013653864459091369,0.0,-0.013653864459091369,exit,Oil & Gas,3,0,13.64,1.1742323434818582,1.1744011477259135
2025-07-31,2025-08-01,0,LS,SBSP3,L,0.013653864459091369,0.011513736742410914,-0.002140127716680455,reweight,Other,16,0,109.71,1.1742323434818582,1.1744011477259135
2025-07-31,2025-08-01,0,LS,SEER3,L,0.0,0.011513736742410914,0.011513736742410914,add,Other,1,1,8.02,1.1742323434818582,1.1744011477259135
2025-07-31,2025-08-01,0,LS,SLCE3,L,0.0,0.011513736742410914,0.011513736742410914,add,Agriculture & Fisheries,1,0,18.4,1.1742323434818582,1.1744011477259135
2025-07-31,2025-08-01,0,LS,SRNA3,L,0.0,0.011513736742410914,0.011513736742410914,add,Electric Power,1,1,11.87,1.1742323434818582,1.1744011477259135
2025-07-31,2025-08-01,0,LS,STBP3,L,0.013653864459091369,0.011513736742410914,-0.002140127716680455,reweight,Transportation Services,13,2,13.97,1.1742323434818582,1.1744011477259135
2025-07-31,2025-08-01,0,LS,SYNE3,L,0.013653864459091369,0.011513736742410914,-0.002140127716680455,reweight,Other,16,0,6.78,1.1742323434818582,1.1744011477259135
2025-07-31,2025-08-01,0,LS,TEND3,L,0.013653864459091369,0.011513736742410914,-0.002140127716680455,reweight,Construction,7,1,21.1486771,1.1742323434818582,1.1744011477259135
2025-07-31,2025-08-01,0,LS,TFCO4,L,0.013653864459091369,0.011513736742410914,-0.002140127716680455,reweight,Trade,4,1,14.67,1.1742323434818582,1.1744011477259135
2025-07-31,2025-08-01,0,LS,TGMA3,L,0.013653864459091369,0.011513736742410914,-0.002140127716680455,reweight,Transportation Services,34,2,35.19125231,1.1742323434818582,1.1744011477259135
2025-07-31,2025-08-01,0,LS,TOTS3,L,0.013653864459091369,0.0,-0.013653864459091369,exit,Software & Data,3,0,43.99,1.1742323434818582,1.1744011477259135
2025-07-31,2025-08-01,0,LS,TRIS3,L,0.013653864459091369,0.011513736742410914,-0.002140127716680455,reweight,Construction,4,0,6.21,1.1742323434818582,1.1744011477259135
2025-07-31,2025-08-01,0,LS,TTEN3,L,0.013653864459091369,0.011513736742410914,-0.002140127716680455,reweight,Agriculture & Fisheries,10,0,13.7,1.1742323434818582,1.1744011477259135
2025-07-31,2025-08-01,0,LS,UNIP6,L,0.0,0.011513736742410914,0.011513736742410914,add,Chemical,1,0,52.23086899,1.1742323434818582,1.1744011477259135
2025-07-31,2025-08-01,0,LS,VBBR3,L,0.0,0.011513736742410914,0.011513736742410914,add,Oil & Gas,1,0,21.65,1.1742323434818582,1.1744011477259135
2025-07-31,2025-08-01,0,LS,VIVT3,L,0.013653864459091369,0.011513736742410914,-0.002140127716680455,reweight,Telecommunication,10,0,31.64,1.1742323434818582,1.1744011477259135
2025-07-31,2025-08-01,0,LS,VLID3,L,0.013653864459091369,0.011513736742410914,-0.002140127716680455,reweight,Other,28,2,22.3,1.1742323434818582,1.1744011477259135
2025-07-31,2025-08-01,0,LS,VULC3,L,0.013653864459091369,0.011513736742410914,-0.002140127716680455,reweight,Textile,4,0,18.72312655,1.1742323434818582,1.1744011477259135
2025-07-31,2025-08-01,0,LS,YDUQ3,L,0.0,0.011513736742410914,0.011513736742410914,add,Other,1,0,13.2,1.1742323434818582,1.1744011477259135
2025-07-31,2025-08-01,0,LS,ABCB4,S,-0.013343549357748398,-0.012493629231126747,0.0008499201266216512,reweight,Financial Services,4,1,21.58,1.1742323434818582,1.1744011477259135
2025-07-31,2025-08-01,0,LS,ALPA4,S,-0.013343549357748398,0.0,0.013343549357748398,exit,Textile,9,1,8.59,1.1742323434818582,1.1744011477259135
2025-07-31,2025-08-01,0,LS,ALUP11,S,0.0,-0.012493629231126747,-0.012493629231126747,add,Electric Power,1,0,29.33842482,1.1742323434818582,1.1744011477259135
2025-07-31,2025-08-01,0,LS,AMER3,S,-0.013343549357748398,-0.012493629231126747,0.0008499201266216512,reweight,Trade,16,1,5.23,1.1742323434818582,1.1744011477259135
2025-07-31,2025-08-01,0,LS,ANIM3,S,-0.013343549357748398,0.0,0.013343549357748398,exit,Other,6,0,3.73,1.1742323434818582,1.1744011477259135
2025-07-31,2025-08-01,0,LS,ARML3,S,-0.013343549357748398,-0.012493629231126747,0.0008499201266216512,reweight,Other,10,0,3.6,1.1742323434818582,1.1744011477259135
2025-07-31,2025-08-01,0,LS,AURE3,S,-0.013343549357748398,-0.012493629231126747,0.0008499201266216512,reweight,Electric Power,10,0,9.36,1.1742323434818582,1.1744011477259135
2025-07-31,2025-08-01,0,LS,AZUL4,S,-0.013343549357748398,-0.012493629231126747,0.0008499201266216512,reweight,Transportation Services,13,0,0.67,1.1742323434818582,1.1744011477259135
2025-07-31,2025-08-01,0,LS,AZZA3,S,-0.013343549357748398,-0.012493629231126747,0.0008499201266216512,reweight,Textile,19,2,36.38,1.1742323434818582,1.1744011477259135
2025-07-31,2025-08-01,0,LS,BBAS3,S,0.0,-0.012493629231126747,-0.012493629231126747,add,Financial Services,1,2,19.9,1.1742323434818582,1.1744011477259135
2025-07-31,2025-08-01,0,LS,BEEF3,S,0.0,-0.012493629231126747,-0.012493629231126747,add,Food & Beverage,1,0,4.99,1.1742323434818582,1.1744011477259135
2025-07-31,2025-08-01,0,LS,BPAN4,S,-0.013343549357748398,-0.012493629231126747,0.0008499201266216512,reweight,Financial Services,4,0,7.92,1.1742323434818582,1.1744011477259135
2025-07-31,2025-08-01,0,LS,BRAV3,S,-0.013343549357748398,-0.012493629231126747,0.0008499201266216512,reweight,Oil & Gas,4,1,19.94,1.1742323434818582,1.1744011477259135
2025-07-31,2025-08-01,0,LS,BRKM5,S,-0.013343549357748398,-0.012493629231126747,0.0008499201266216512,reweight,Chemical,7,0,8.75,1.1742323434818582,1.1744011477259135
2025-07-31,2025-08-01,0,LS,BRSR6,S,-0.013343549357748398,-0.012493629231126747,0.0008499201266216512,reweight,Financial Services,13,1,10.99,1.1742323434818582,1.1744011477259135
2025-07-31,2025-08-01,0,LS,CAML3,S,-0.013343549357748398,-0.012493629231126747,0.0008499201266216512,reweight,Food & Beverage,7,0,4.57,1.1742323434818582,1.1744011477259135
2025-07-31,2025-08-01,0,LS,CBAV3,S,-0.013343549357748398,-0.012493629231126747,0.0008499201266216512,reweight,Mining,4,0,4.72,1.1742323434818582,1.1744011477259135
2025-07-31,2025-08-01,0,LS,CSAN3,S,-0.013343549357748398,-0.012493629231126747,0.0008499201266216512,reweight,Oil & Gas,16,0,6.04,1.1742323434818582,1.1744011477259135
2025-07-31,2025-08-01,0,LS,CSNA3,S,-0.013343549357748398,-0.012493629231126747,0.0008499201266216512,reweight,Basic & Fabricated Metal,7,0,8.05,1.1742323434818582,1.1744011477259135
2025-07-31,2025-08-01,0,LS,CXSE3,S,0.0,-0.012493629231126747,-0.012493629231126747,add,Financial Services,1,0,13.55592403,1.1742323434818582,1.1744011477259135
2025-07-31,2025-08-01,0,LS,DXCO3,S,0.0,-0.012493629231126747,-0.012493629231126747,add,Other,1,2,5.64,1.1742323434818582,1.1744011477259135
2025-07-31,2025-08-01,0,LS,EGIE3,S,0.0,-0.012493629231126747,-0.012493629231126747,add,Electric Power,1,1,40.37,1.1742323434818582,1.1744011477259135
2025-07-31,2025-08-01,0,LS,ENGI11,S,-0.013343549357748398,0.0,0.013343549357748398,exit,Electric Power,9,0,45.66604052,1.1742323434818582,1.1744011477259135
2025-07-31,2025-08-01,0,LS,FLRY3,S,0.0,-0.012493629231126747,-0.012493629231126747,add,Other,1,0,14.12860757,1.1742323434818582,1.1744011477259135
2025-07-31,2025-08-01,0,LS,GFSA3,S,-0.013343549357748398,-0.012493629231126747,0.0008499201266216512,reweight,Construction,10,0,15.15,1.1742323434818582,1.1744011477259135
2025-07-31,2025-08-01,0,LS,GGPS3,S,0.0,-0.012493629231126747,-0.012493629231126747,add,Other,1,0,14.3,1.1742323434818582,1.1744011477259135
2025-07-31,2025-08-01,0,LS,GRND3,S,0.013653864459091369,-0.012493629231126747,-0.026147493690218116,reweight,Textile,1,0,5.07,1.1742323434818582,1.1744011477259135
2025-07-31,2025-08-01,0,LS,HAPV3,S,-0.013343549357748398,-0.012493629231126747,0.0008499201266216512,reweight,Other,4,1,33.53,1.1742323434818582,1.1744011477259135
2025-07-31,2025-08-01,0,LS,HBSA3,S,-0.013343549357748398,0.0,0.013343549357748398,exit,Transportation Services,3,0,3.55,1.1742323434818582,1.1744011477259135
2025-07-31,2025-08-01,0,LS,HYPE3,S,-0.013343549357748398,-0.012493629231126747,0.0008499201266216512,reweight,Other,7,1,26.15,1.1742323434818582,1.1744011477259135
2025-07-31,2025-08-01,0,LS,INTB3,S,0.013653864459091369,-0.012493629231126747,-0.026147493690218116,reweight,Electric Electron,1,0,14.12305363,1.1742323434818582,1.1744011477259135
2025-07-31,2025-08-01,0,LS,ISAE4,S,0.0,-0.012493629231126747,-0.012493629231126747,add,Electric Power,1,0,21.86,1.1742323434818582,1.1744011477259135
2025-07-31,2025-08-01,0,LS,JALL3,S,0.0,-0.012493629231126747,-0.012493629231126747,add,Other,1,1,3.39,1.1742323434818582,1.1744011477259135
2025-07-31,2025-08-01,0,LS,JSLG3,S,-0.013343549357748398,-0.012493629231126747,0.0008499201266216512,reweight,Transportation Services,4,0,5.35,1.1742323434818582,1.1744011477259135
2025-07-31,2025-08-01,0,LS,KLBN11,S,0.0,-0.012493629231126747,-0.012493629231126747,add,Pulp & Paper,1,1,18.47197026,1.1742323434818582,1.1744011477259135
2025-07-31,2025-08-01,0,LS,LWSA3,S,-0.013343549357748398,-0.012493629231126747,0.0008499201266216512,reweight,Software & Data,13,0,3.8,1.1742323434818582,1.1744011477259135
2025-07-31,2025-08-01,0,LS,MDIA3,S,-0.013343549357748398,-0.012493629231126747,0.0008499201266216512,reweight,Food & Beverage,13,1,24.74,1.1742323434818582,1.1744011477259135
2025-07-31,2025-08-01,0,LS,MGLU3,S,-0.013343549357748398,0.0,0.013343549357748398,exit,Trade,6,1,7.27,1.1742323434818582,1.1744011477259135
2025-07-31,2025-08-01,0,LS,MILS3,S,-0.013343549357748398,0.0,0.013343549357748398,exit,Other,3,2,11.2,1.1742323434818582,1.1744011477259135
2025-07-31,2025-08-01,0,LS,MRVE3,S,-0.013343549357748398,-0.012493629231126747,0.0008499201266216512,reweight,Construction,16,1,6.03,1.1742323434818582,1.1744011477259135
2025-07-31,2025-08-01,0,LS,MYPK3,S,0.0,-0.012493629231126747,-0.012493629231126747,add,Vehicle & Parts,1,3,14.6,1.1742323434818582,1.1744011477259135
2025-07-31,2025-08-01,0,LS,OIBR3,S,-0.013343549357748398,0.0,0.013343549357748398,exit,Telecommunication,45,0,0.53,1.1742323434818582,1.1744011477259135
2025-07-31,2025-08-01,0,LS,ONCO3,S,-0.013343549357748398,-0.012493629231126747,0.0008499201266216512,reweight,Other,10,1,5.47,1.1742323434818582,1.1744011477259135
2025-07-31,2025-08-01,0,LS,RADL3,S,0.0,-0.012493629231126747,-0.012493629231126747,add,Trade,1,1,13.57,1.1742323434818582,1.1744011477259135
2025-07-31,2025-08-01,0,LS,RAIZ4,S,-0.013343549357748398,-0.012493629231126747,0.0008499201266216512,reweight,Agriculture & Fisheries,13,1,1.42,1.1742323434818582,1.1744011477259135
2025-07-31,2025-08-01,0,LS,RAPT4,S,-0.013343549357748398,-0.012493629231126747,0.0008499201266216512,reweight,Vehicle & Parts,13,0,7.15,1.1742323434818582,1.1744011477259135
2025-07-31,2025-08-01,0,LS,RCSL4,S,-0.013343549357748398,0.0,0.013343549357748398,exit,Vehicle & Parts,6,1,1.09,1.1742323434818582,1.1744011477259135
2025-07-31,2025-08-01,0,LS,RENT3,S,-0.013343549357748398,0.0,0.013343549357748398,exit,Other,3,0,35.37,1.1742323434818582,1.1744011477259135
2025-07-31,2025-08-01,0,LS,SANB11,S,-0.013343549357748398,-0.012493629231126747,0.0008499201266216512,reweight,Financial Services,4,2,26.6,1.1742323434818582,1.1744011477259135
2025-07-31,2025-08-01,0,LS,SIMH3,S,-0.013343549357748398,0.0,0.013343549357748398,exit,Transportation Services,3,0,4.42,1.1742323434818582,1.1744011477259135
2025-07-31,2025-08-01,0,LS,SMTO3,S,0.0,-0.012493629231126747,-0.012493629231126747,add,Other,1,1,17.4,1.1742323434818582,1.1744011477259135
2025-07-31,2025-08-01,0,LS,SOJA3,S,-0.013343549357748398,-0.012493629231126747,0.0008499201266216512,reweight,Agriculture & Fisheries,7,0,10.36,1.1742323434818582,1.1744011477259135
2025-07-31,2025-08-01,0,LS,TIMS3,S,0.013653864459091369,-0.012493629231126747,-0.026147493690218116,reweight,Telecommunication,1,0,20.89,1.1742323434818582,1.1744011477259135
2025-07-31,2025-08-01,0,LS,TUPY3,S,-0.013343549357748398,-0.012493629231126747,0.0008499201266216512,reweight,Vehicle & Parts,7,1,16.19,1.1742323434818582,1.1744011477259135
2025-07-31,2025-08-01,0,LS,UGPA3,S,-0.013343549357748398,0.0,0.013343549357748398,exit,Oil & Gas,6,0,17.41,1.1742323434818582,1.1744011477259135
2025-07-31,2025-08-01,0,LS,USIM5,S,-0.013343549357748398,0.0,0.013343549357748398,exit,Basic & Fabricated Metal,6,1,4.45,1.1742323434818582,1.1744011477259135
2025-07-31,2025-08-01,0,LS,VALE3,S,-0.013343549357748398,-0.012493629231126747,0.0008499201266216512,reweight,Mining,13,0,52.40122673,1.1742323434818582,1.1744011477259135
2025-07-31,2025-08-01,0,LS,VAMO3,S,-0.013343549357748398,-0.012493629231126747,0.0008499201266216512,reweight,Other,4,0,3.92,1.1742323434818582,1.1744011477259135
2025-07-31,2025-08-01,0,LS,VTRU3,S,0.0,-0.012493629231126747,-0.012493629231126747,add,Other,1,0,9.14,1.1742323434818582,1.1744011477259135
2025-07-31,2025-08-01,0,LS,WIZC3,S,-0.013343549357748398,0.0,0.013343549357748398,exit,Financial Services,3,0,7.53,1.1742323434818582,1.1744011477259135
2025-07-31,2025-08-01,1,LS,AMBP3,L,0.012763395037846292,0.013655827299138515,0.0008924322612922225,reweight,Other,9,0,13.104,1.1742323434818582,1.1744011477259135
2025-07-31,2025-08-01,1,LS,AURA33,L,0.012763395037846292,0.013655827299138515,0.0008924322612922225,reweight,Mining,12,0,44.25956757,1.1742323434818582,1.1744011477259135
2025-07-31,2025-08-01,1,LS,BBSE3,L,0.012763395037846292,0.013655827299138515,0.0008924322612922225,reweight,Financial Services,6,0,32.07378512,1.1742323434818582,1.1744011477259135
2025-07-31,2025-08-01,1,LS,BHIA3,L,0.012763395037846292,0.013655827299138515,0.0008924322612922225,reweight,Trade,3,0,3.12,1.1742323434818582,1.1744011477259135
2025-07-31,2025-08-01,1,LS,BLAU3,L,0.012763395037846292,0.013655827299138515,0.0008924322612922225,reweight,Chemical,6,0,12.37,1.1742323434818582,1.1744011477259135
2025-07-31,2025-08-01,1,LS,BMOB3,L,0.012763395037846292,0.0,-0.012763395037846292,exit,Software & Data,8,1,20.47,1.1742323434818582,1.1744011477259135
2025-07-31,2025-08-01,1,LS,CEAB3,L,0.012763395037846292,0.013655827299138515,0.0008924322612922225,reweight,Trade,24,0,16.95,1.1742323434818582,1.1744011477259135
2025-07-31,2025-08-01,1,LS,CMIG4,L,0.012763395037846292,0.0,-0.012763395037846292,exit,Electric Power,11,1,10.42,1.1742323434818582,1.1744011477259135
2025-07-31,2025-08-01,1,LS,CPFE3,L,0.012763395037846292,0.013655827299138515,0.0008924322612922225,reweight,Electric Power,6,0,38.31,1.1742323434818582,1.1744011477259135
2025-07-31,2025-08-01,1,LS,CPLE6,L,0.012763395037846292,0.013655827299138515,0.0008924322612922225,reweight,Electric Power,3,2,12.0,1.1742323434818582,1.1744011477259135
2025-07-31,2025-08-01,1,LS,CURY3,L,0.012763395037846292,0.013655827299138515,0.0008924322612922225,reweight,Construction,15,0,29.8,1.1742323434818582,1.1744011477259135
2025-07-31,2025-08-01,1,LS,CVCB3,L,0.012763395037846292,0.013655827299138515,0.0008924322612922225,reweight,Transportation Services,3,1,2.39,1.1742323434818582,1.1744011477259135
2025-07-31,2025-08-01,1,LS,DIRR3,L,0.012763395037846292,0.013655827299138515,0.0008924322612922225,reweight,Construction,12,1,13.13333333,1.1742323434818582,1.1744011477259135
2025-07-31,2025-08-01,1,LS,ELET3,L,0.012763395037846292,0.013655827299138515,0.0008924322612922225,reweight,Electric Power,3,0,36.51941908,1.1742323434818582,1.1744011477259135
2025-07-31,2025-08-01,1,LS,EMBR3,L,0.012763395037846292,0.013655827299138515,0.0008924322612922225,reweight,Vehicle & Parts,15,1,80.7,1.1742323434818582,1.1744011477259135
2025-07-31,2025-08-01,1,LS,EQTL3,L,0.012763395037846292,0.013655827299138515,0.0008924322612922225,reweight,Electric Power,3,0,34.33,1.1742323434818582,1.1744011477259135
2025-07-31,2025-08-01,1,LS,FESA4,L,0.012763395037846292,0.013655827299138515,0.0008924322612922225,reweight,Basic & Fabricated Metal,3,0,6.6,1.1742323434818582,1.1744011477259135
2025-07-31,2025-08-01,1,LS,FRAS3,L,0.012763395037846292,0.013655827299138515,0.0008924322612922225,reweight,Vehicle & Parts,12,0,23.83,1.1742323434818582,1.1744011477259135
2025-07-31,2025-08-01,1,LS,GGBR4,L,0.012763395037846292,0.013655827299138515,0.0008924322612922225,reweight,Basic & Fabricated Metal,9,2,16.5873578,1.1742323434818582,1.1744011477259135
2025-07-31,2025-08-01,1,LS,GOLL54,L,0.012763395037846292,0.013655827299138515,0.0008924322612922225,reweight,Transportation Services,3,2,0.00674,1.1742323434818582,1.1744011477259135
2025-07-31,2025-08-01,1,LS,INTB3,L,0.012763395037846292,0.013655827299138515,0.0008924322612922225,reweight,Electric Electron,3,0,14.12305363,1.1742323434818582,1.1744011477259135
2025-07-31,2025-08-01,1,LS,IRBR3,L,0.012763395037846292,0.013655827299138515,0.0008924322612922225,reweight,Financial Services,6,0,45.79,1.1742323434818582,1.1744011477259135
2025-07-31,2025-08-01,1,LS,LREN3,L,0.012763395037846292,0.013655827299138515,0.0008924322612922225,reweight,Trade,9,1,16.5,1.1742323434818582,1.1744011477259135
2025-07-31,2025-08-01,1,LS,MBRF3,L,0.012763395037846292,0.013655827299138515,0.0008924322612922225,reweight,Food & Beverage,18,1,21.51,1.1742323434818582,1.1744011477259135
2025-07-31,2025-08-01,1,LS,MDNE3,L,0.012763395037846292,0.013655827299138515,0.0008924322612922225,reweight,Construction,3,1,22.97,1.1742323434818582,1.1744011477259135
2025-07-31,2025-08-01,1,LS,NEOE3,L,0.012763395037846292,0.013655827299138515,0.0008924322612922225,reweight,Electric Power,3,0,24.62,1.1742323434818582,1.1744011477259135
2025-07-31,2025-08-01,1,LS,PETR4,L,0.012763395037846292,0.013655827299138515,0.0008924322612922225,reweight,Oil & Gas,12,0,32.8,1.1742323434818582,1.1744011477259135
2025-07-31,2025-08-01,1,LS,PETZ3,L,0.012763395037846292,0.013655827299138515,0.0008924322612922225,reweight,Trade,9,0,4.01,1.1742323434818582,1.1744011477259135
2025-07-31,2025-08-01,1,LS,PGMN3,L,0.012763395037846292,0.013655827299138515,0.0008924322612922225,reweight,Trade,6,0,3.89,1.1742323434818582,1.1744011477259135
2025-07-31,2025-08-01,1,LS,PLPL3,L,0.012763395037846292,0.013655827299138515,0.0008924322612922225,reweight,Construction,3,0,13.2,1.1742323434818582,1.1744011477259135
2025-07-31,2025-08-01,1,LS,PORT3,L,0.012763395037846292,0.013655827299138515,0.0008924322612922225,reweight,Transportation Services,27,1,17.65,1.1742323434818582,1.1744011477259135
2025-07-31,2025-08-01,1,LS,PRIO3,L,0.012763395037846292,0.013655827299138515,0.0008924322612922225,reweight,Oil & Gas,6,0,42.54,1.1742323434818582,1.1744011477259135
2025-07-31,2025-08-01,1,LS,PRNR3,L,0.012763395037846292,0.013655827299138515,0.0008924322612922225,reweight,Construction,6,0,15.44,1.1742323434818582,1.1744011477259135
2025-07-31,2025-08-01,1,LS,PSSA3,L,0.012763395037846292,0.013655827299138515,0.0008924322612922225,reweight,Financial Services,12,1,52.45,1.1742323434818582,1.1744011477259135
2025-07-31,2025-08-01,1,LS,SBSP3,L,0.012763395037846292,0.013655827299138515,0.0008924322612922225,reweight,Other,15,0,109.71,1.1742323434818582,1.1744011477259135
2025-07-31,2025-08-01,1,LS,STBP3,L,0.012763395037846292,0.013655827299138515,0.0008924322612922225,reweight,Transportation Services,15,2,13.97,1.1742323434818582,1.1744011477259135
2025-07-31,2025-08-01,1,LS,SYNE3,L,0.012763395037846292,0.013655827299138515,0.0008924322612922225,reweight,Other,15,2,6.78,1.1742323434818582,1.1744011477259135
2025-07-31,2025-08-01,1,LS,TGMA3,L,0.012763395037846292,0.013655827299138515,0.0008924322612922225,reweight,Transportation Services,9,0,35.19125231,1.1742323434818582,1.1744011477259135
2025-07-31,2025-08-01,1,LS,TIMS3,L,0.012763395037846292,0.0,-0.012763395037846292,exit,Telecommunication,44,0,20.89,1.1742323434818582,1.1744011477259135
2025-07-31,2025-08-01,1,LS,TOTS3,L,0.012763395037846292,0.013655827299138515,0.0008924322612922225,reweight,Software & Data,3,1,43.99,1.1742323434818582,1.1744011477259135
2025-07-31,2025-08-01,1,LS,TRIS3,L,0.012763395037846292,0.013655827299138515,0.0008924322612922225,reweight,Construction,3,0,6.21,1.1742323434818582,1.1744011477259135
2025-07-31,2025-08-01,1,LS,TTEN3,L,0.012763395037846292,0.013655827299138515,0.0008924322612922225,reweight,Agriculture & Fisheries,9,0,13.7,1.1742323434818582,1.1744011477259135
2025-07-31,2025-08-01,1,LS,UNIP6,L,0.012763395037846292,0.013655827299138515,0.0008924322612922225,reweight,Chemical,3,0,52.23086899,1.1742323434818582,1.1744011477259135
2025-07-31,2025-08-01,1,LS,VIVT3,L,0.012763395037846292,0.013655827299138515,0.0008924322612922225,reweight,Telecommunication,48,4,31.64,1.1742323434818582,1.1744011477259135
2025-07-31,2025-08-01,1,LS,VLID3,L,0.012763395037846292,0.013655827299138515,0.0008924322612922225,reweight,Other,6,1,22.3,1.1742323434818582,1.1744011477259135
2025-07-31,2025-08-01,1,LS,VULC3,L,0.012763395037846292,0.013655827299138515,0.0008924322612922225,reweight,Textile,6,0,18.72312655,1.1742323434818582,1.1744011477259135
2025-07-31,2025-08-01,1,LS,ABCB4,S,-0.011981962688590383,-0.012493629231126728,-0.0005116665425363449,reweight,Financial Services,3,1,21.58,1.1742323434818582,1.1744011477259135
2025-07-31,2025-08-01,1,LS,ALPA4,S,-0.011981962688590383,-0.012493629231126728,-0.0005116665425363449,reweight,Textile,9,0,8.59,1.1742323434818582,1.1744011477259135
2025-07-31,2025-08-01,1,LS,AMER3,S,-0.011981962688590383,-0.012493629231126728,-0.0005116665425363449,reweight,Trade,12,1,5.23,1.1742323434818582,1.1744011477259135
2025-07-31,2025-08-01,1,LS,ARML3,S,-0.011981962688590383,-0.012493629231126728,-0.0005116665425363449,reweight,Other,9,0,3.6,1.1742323434818582,1.1744011477259135
2025-07-31,2025-08-01,1,LS,ASAI3,S,-0.011981962688590383,-0.012493629231126728,-0.0005116665425363449,reweight,Trade,6,0,9.54,1.1742323434818582,1.1744011477259135
2025-07-31,2025-08-01,1,LS,AURE3,S,-0.011981962688590383,-0.012493629231126728,-0.0005116665425363449,reweight,Electric Power,9,1,9.36,1.1742323434818582,1.1744011477259135
2025-07-31,2025-08-01,1,LS,AZUL4,S,-0.011981962688590383,-0.012493629231126728,-0.0005116665425363449,reweight,Transportation Services,12,1,0.67,1.1742323434818582,1.1744011477259135
2025-07-31,2025-08-01,1,LS,AZZA3,S,-0.011981962688590383,-0.012493629231126728,-0.0005116665425363449,reweight,Textile,18,1,36.38,1.1742323434818582,1.1744011477259135
2025-07-31,2025-08-01,1,LS,BPAN4,S,-0.011981962688590383,-0.012493629231126728,-0.0005116665425363449,reweight,Financial Services,6,0,7.92,1.1742323434818582,1.1744011477259135
2025-07-31,2025-08-01,1,LS,BRKM5,S,-0.011981962688590383,-0.012493629231126728,-0.0005116665425363449,reweight,Chemical,6,0,8.75,1.1742323434818582,1.1744011477259135
2025-07-31,2025-08-01,1,LS,BRSR6,S,-0.011981962688590383,-0.012493629231126728,-0.0005116665425363449,reweight,Financial Services,15,3,10.99,1.1742323434818582,1.1744011477259135
2025-07-31,2025-08-01,1,LS,CAML3,S,-0.011981962688590383,-0.012493629231126728,-0.0005116665425363449,reweight,Food & Beverage,6,0,4.57,1.1742323434818582,1.1744011477259135
2025-07-31,2025-08-01,1,LS,CBAV3,S,-0.011981962688590383,-0.012493629231126728,-0.0005116665425363449,reweight,Mining,3,0,4.72,1.1742323434818582,1.1744011477259135
2025-07-31,2025-08-01,1,LS,CSAN3,S,-0.011981962688590383,-0.012493629231126728,-0.0005116665425363449,reweight,Oil & Gas,15,1,6.04,1.1742323434818582,1.1744011477259135
2025-07-31,2025-08-01,1,LS,CSNA3,S,-0.011981962688590383,-0.012493629231126728,-0.0005116665425363449,reweight,Basic & Fabricated Metal,6,0,8.05,1.1742323434818582,1.1744011477259135
2025-07-31,2025-08-01,1,LS,DXCO3,S,-0.011981962688590383,-0.012493629231126728,-0.0005116665425363449,reweight,Other,3,0,5.64,1.1742323434818582,1.1744011477259135
2025-07-31,2025-08-01,1,LS,EGIE3,S,-0.011981962688590383,-0.012493629231126728,-0.0005116665425363449,reweight,Electric Power,3,0,40.37,1.1742323434818582,1.1744011477259135
2025-07-31,2025-08-01,1,LS,ENGI11,S,-0.011981962688590383,-0.012493629231126728,-0.0005116665425363449,reweight,Electric Power,9,0,45.66604052,1.1742323434818582,1.1744011477259135
2025-07-31,2025-08-01,1,LS,EVEN3,S,-0.011981962688590383,-0.012493629231126728,-0.0005116665425363449,reweight,Construction,3,0,6.99,1.1742323434818582,1.1744011477259135
2025-07-31,2025-08-01,1,LS,GFSA3,S,-0.011981962688590383,-0.012493629231126728,-0.0005116665425363449,reweight,Construction,9,1,15.15,1.1742323434818582,1.1744011477259135
2025-07-31,2025-08-01,1,LS,GGPS3,S,-0.011981962688590383,-0.012493629231126728,-0.0005116665425363449,reweight,Other,3,0,14.3,1.1742323434818582,1.1744011477259135
2025-07-31,2025-08-01,1,LS,HAPV3,S,-0.011981962688590383,-0.012493629231126728,-0.0005116665425363449,reweight,Other,3,1,33.53,1.1742323434818582,1.1744011477259135
2025-07-31,2025-08-01,1,LS,HBSA3,S,-0.011981962688590383,-0.012493629231126728,-0.0005116665425363449,reweight,Transportation Services,3,0,3.55,1.1742323434818582,1.1744011477259135
2025-07-31,2025-08-01,1,LS,HYPE3,S,-0.011981962688590383,-0.012493629231126728,-0.0005116665425363449,reweight,Other,6,1,26.15,1.1742323434818582,1.1744011477259135
2025-07-31,2025-08-01,1,LS,JSLG3,S,-0.011981962688590383,-0.012493629231126728,-0.0005116665425363449,reweight,Transportation Services,6,0,5.35,1.1742323434818582,1.1744011477259135
2025-07-31,2025-08-01,1,LS,LEVE3,S,-0.011981962688590383,-0.012493629231126728,-0.0005116665425363449,reweight,Vehicle & Parts,3,0,28.54,1.1742323434818582,1.1744011477259135
2025-07-31,2025-08-01,1,LS,LJQQ3,S,-0.011981962688590383,-0.012493629231126728,-0.0005116665425363449,reweight,Trade,6,0,2.44,1.1742323434818582,1.1744011477259135
2025-07-31,2025-08-01,1,LS,LOGG3,S,-0.011981962688590383,-0.012493629231126728,-0.0005116665425363449,reweight,Construction,3,0,20.9803818,1.1742323434818582,1.1744011477259135
2025-07-31,2025-08-01,1,LS,LWSA3,S,-0.011981962688590383,-0.012493629231126728,-0.0005116665425363449,reweight,Software & Data,15,0,3.8,1.1742323434818582,1.1744011477259135
2025-07-31,2025-08-01,1,LS,MDIA3,S,-0.011981962688590383,-0.012493629231126728,-0.0005116665425363449,reweight,Food & Beverage,12,0,24.74,1.1742323434818582,1.1744011477259135
2025-07-31,2025-08-01,1,LS,MRVE3,S,-0.011981962688590383,-0.012493629231126728,-0.0005116665425363449,reweight,Construction,3,0,6.03,1.1742323434818582,1.1744011477259135
2025-07-31,2025-08-01,1,LS,NATU3,S,-0.011981962688590383,-0.012493629231126728,-0.0005116665425363449,reweight,Trade,3,0,9.19,1.1742323434818582,1.1744011477259135
2025-07-31,2025-08-01,1,LS,OIBR3,S,-0.011981962688590383,0.0,0.011981962688590383,exit,Telecommunication,44,0,0.53,1.1742323434818582,1.1744011477259135
2025-07-31,2025-08-01,1,LS,ONCO3,S,-0.011981962688590383,-0.012493629231126728,-0.0005116665425363449,reweight,Other,15,1,5.47,1.1742323434818582,1.1744011477259135
2025-07-31,2025-08-01,1,LS,POSI3,S,-0.011981962688590383,-0.012493629231126728,-0.0005116665425363449,reweight,Electric Electron,3,0,4.0,1.1742323434818582,1.1744011477259135
2025-07-31,2025-08-01,1,LS,RAIZ4,S,-0.011981962688590383,-0.012493629231126728,-0.0005116665425363449,reweight,Agriculture & Fisheries,9,0,1.42,1.1742323434818582,1.1744011477259135
2025-07-31,2025-08-01,1,LS,RAPT4,S,-0.011981962688590383,-0.012493629231126728,-0.0005116665425363449,reweight,Vehicle & Parts,3,1,7.15,1.1742323434818582,1.1744011477259135
2025-07-31,2025-08-01,1,LS,RENT3,S,-0.011981962688590383,-0.012493629231126728,-0.0005116665425363449,reweight,Other,9,2,35.37,1.1742323434818582,1.1744011477259135
2025-07-31,2025-08-01,1,LS,SANB11,S,-0.011981962688590383,-0.012493629231126728,-0.0005116665425363449,reweight,Financial Services,9,0,26.6,1.1742323434818582,1.1744011477259135
2025-07-31,2025-08-01,1,LS,SHUL4,S,-0.011981962688590383,0.0,0.011981962688590383,exit,Vehicle & Parts,2,0,4.97,1.1742323434818582,1.1744011477259135
2025-07-31,2025-08-01,1,LS,SIMH3,S,-0.011981962688590383,-0.012493629231126728,-0.0005116665425363449,reweight,Transportation Services,6,0,4.42,1.1742323434818582,1.1744011477259135
2025-07-31,2025-08-01,1,LS,SOJA3,S,-0.011981962688590383,-0.012493629231126728,-0.0005116665425363449,reweight,Agriculture & Fisheries,9,0,10.36,1.1742323434818582,1.1744011477259135
2025-07-31,2025-08-01,1,LS,SRNA3,S,-0.011981962688590383,-0.012493629231126728,-0.0005116665425363449,reweight,Electric Power,3,1,11.87,1.1742323434818582,1.1744011477259135
2025-07-31,2025-08-01,1,LS,TUPY3,S,-0.011981962688590383,-0.012493629231126728,-0.0005116665425363449,reweight,Vehicle & Parts,3,2,16.19,1.1742323434818582,1.1744011477259135
2025-07-31,2025-08-01,1,LS,UGPA3,S,-0.011981962688590383,-0.012493629231126728,-0.0005116665425363449,reweight,Oil & Gas,6,0,17.41,1.1742323434818582,1.1744011477259135
2025-07-31,2025-08-01,1,LS,USIM5,S,-0.011981962688590383,-0.012493629231126728,-0.0005116665425363449,reweight,Basic & Fabricated Metal,6,0,4.45,1.1742323434818582,1.1744011477259135
2025-07-31,2025-08-01,1,LS,VALE3,S,-0.011981962688590383,-0.012493629231126728,-0.0005116665425363449,reweight,Mining,12,0,52.40122673,1.1742323434818582,1.1744011477259135
2025-07-31,2025-08-01,1,LS,VAMO3,S,-0.011981962688590383,-0.012493629231126728,-0.0005116665425363449,reweight,Other,24,0,3.92,1.1742323434818582,1.1744011477259135
2025-07-31,2025-08-01,1,LS,WIZC3,S,-0.011981962688590383,-0.012493629231126728,-0.0005116665425363449,reweight,Financial Services,3,0,7.53,1.1742323434818582,1.1744011477259135
2025-07-31,2025-08-01,2,LS,AMBP3,L,0.011742323434818578,0.012493629231126725,0.0007513057963081469,reweight,Other,11,0,13.104,1.1742323434818582,1.1744011477259135
2025-07-31,2025-08-01,2,LS,AURA33,L,0.011742323434818578,0.012493629231126725,0.0007513057963081469,reweight,Mining,11,0,44.25956757,1.1742323434818582,1.1744011477259135
2025-07-31,2025-08-01,2,LS,B3SA3,L,0.011742323434818578,0.012493629231126725,0.0007513057963081469,reweight,Financial Services,2,1,12.71,1.1742323434818582,1.1744011477259135
2025-07-31,2025-08-01,2,LS,BBSE3,L,0.011742323434818578,0.0,-0.011742323434818578,exit,Financial Services,7,0,32.07378512,1.1742323434818582,1.1744011477259135
2025-07-31,2025-08-01,2,LS,BLAU3,L,0.011742323434818578,0.012493629231126725,0.0007513057963081469,reweight,Chemical,8,0,12.37,1.1742323434818582,1.1744011477259135
2025-07-31,2025-08-01,2,LS,CASH3,L,0.011742323434818578,0.012493629231126725,0.0007513057963081469,reweight,Software & Data,2,0,5.62,1.1742323434818582,1.1744011477259135
2025-07-31,2025-08-01,2,LS,CEAB3,L,0.011742323434818578,0.012493629231126725,0.0007513057963081469,reweight,Trade,26,0,16.95,1.1742323434818582,1.1744011477259135
2025-07-31,2025-08-01,2,LS,CMIG4,L,0.011742323434818578,0.0,-0.011742323434818578,exit,Electric Power,13,0,10.42,1.1742323434818582,1.1744011477259135
2025-07-31,2025-08-01,2,LS,COGN3,L,0.011742323434818578,0.012493629231126725,0.0007513057963081469,reweight,Other,2,0,2.8,1.1742323434818582,1.1744011477259135
2025-07-31,2025-08-01,2,LS,CPFE3,L,0.011742323434818578,0.012493629231126725,0.0007513057963081469,reweight,Electric Power,5,0,38.31,1.1742323434818582,1.1744011477259135
2025-07-31,2025-08-01,2,LS,CPLE6,L,0.011742323434818578,0.012493629231126725,0.0007513057963081469,reweight,Electric Power,29,1,12.0,1.1742323434818582,1.1744011477259135
2025-07-31,2025-08-01,2,LS,CURY3,L,0.011742323434818578,0.012493629231126725,0.0007513057963081469,reweight,Construction,14,1,29.8,1.1742323434818582,1.1744011477259135
2025-07-31,2025-08-01,2,LS,DIRR3,L,0.011742323434818578,0.012493629231126725,0.0007513057963081469,reweight,Construction,14,1,13.13333333,1.1742323434818582,1.1744011477259135
2025-07-31,2025-08-01,2,LS,ELET3,L,0.011742323434818578,0.012493629231126725,0.0007513057963081469,reweight,Electric Power,2,0,36.51941908,1.1742323434818582,1.1744011477259135
2025-07-31,2025-08-01,2,LS,EMBR3,L,0.011742323434818578,0.012493629231126725,0.0007513057963081469,reweight,Vehicle & Parts,14,0,80.7,1.1742323434818582,1.1744011477259135
2025-07-31,2025-08-01,2,LS,EQTL3,L,0.011742323434818578,0.012493629231126725,0.0007513057963081469,reweight,Electric Power,2,1,34.33,1.1742323434818582,1.1744011477259135
2025-07-31,2025-08-01,2,LS,FESA4,L,0.011742323434818578,0.012493629231126725,0.0007513057963081469,reweight,Basic & Fabricated Metal,5,1,6.6,1.1742323434818582,1.1744011477259135
2025-07-31,2025-08-01,2,LS,FRAS3,L,0.011742323434818578,0.012493629231126725,0.0007513057963081469,reweight,Vehicle & Parts,8,0,23.83,1.1742323434818582,1.1744011477259135
2025-07-31,2025-08-01,2,LS,GOLL54,L,0.011742323434818578,0.012493629231126725,0.0007513057963081469,reweight,Transportation Services,5,2,0.00674,1.1742323434818582,1.1744011477259135
2025-07-31,2025-08-01,2,LS,GUAR3,L,0.011742323434818578,0.012493629231126725,0.0007513057963081469,reweight,Textile,2,0,7.79,1.1742323434818582,1.1744011477259135
2025-07-31,2025-08-01,2,LS,IRBR3,L,0.011742323434818578,0.012493629231126725,0.0007513057963081469,reweight,Financial Services,5,0,45.79,1.1742323434818582,1.1744011477259135
2025-07-31,2025-08-01,2,LS,KEPL3,L,0.011742323434818578,0.012493629231126725,0.0007513057963081469,reweight,Basic & Fabricated Metal,2,0,6.887990101,1.1742323434818582,1.1744011477259135
2025-07-31,2025-08-01,2,LS,LREN3,L,0.011742323434818578,0.012493629231126725,0.0007513057963081469,reweight,Trade,8,0,16.5,1.1742323434818582,1.1744011477259135
2025-07-31,2025-08-01,2,LS,MBRF3,L,0.011742323434818578,0.012493629231126725,0.0007513057963081469,reweight,Food & Beverage,11,0,21.51,1.1742323434818582,1.1744011477259135
2025-07-31,2025-08-01,2,LS,MDNE3,L,0.011742323434818578,0.012493629231126725,0.0007513057963081469,reweight,Construction,2,1,22.97,1.1742323434818582,1.1744011477259135
2025-07-31,2025-08-01,2,LS,NEOE3,L,0.011742323434818578,0.012493629231126725,0.0007513057963081469,reweight,Electric Power,2,0,24.62,1.1742323434818582,1.1744011477259135
2025-07-31,2025-08-01,2,LS,PCAR3,L,0.011742323434818578,0.012493629231126725,0.0007513057963081469,reweight,Trade,2,0,3.61,1.1742323434818582,1.1744011477259135
2025-07-31,2025-08-01,2,LS,PETR4,L,0.011742323434818578,0.012493629231126725,0.0007513057963081469,reweight,Oil & Gas,29,1,32.8,1.1742323434818582,1.1744011477259135
2025-07-31,2025-08-01,2,LS,PETZ3,L,0.011742323434818578,0.012493629231126725,0.0007513057963081469,reweight,Trade,8,0,4.01,1.1742323434818582,1.1744011477259135
2025-07-31,2025-08-01,2,LS,PGMN3,L,0.011742323434818578,0.012493629231126725,0.0007513057963081469,reweight,Trade,5,0,3.89,1.1742323434818582,1.1744011477259135
2025-07-31,2025-08-01,2,LS,PORT3,L,0.011742323434818578,0.012493629231126725,0.0007513057963081469,reweight,Transportation Services,26,1,17.65,1.1742323434818582,1.1744011477259135
2025-07-31,2025-08-01,2,LS,POSI3,L,0.011742323434818578,0.012493629231126725,0.0007513057963081469,reweight,Electric Electron,2,2,4.0,1.1742323434818582,1.1744011477259135
2025-07-31,2025-08-01,2,LS,PRNR3,L,0.011742323434818578,0.012493629231126725,0.0007513057963081469,reweight,Construction,8,0,15.44,1.1742323434818582,1.1744011477259135
2025-07-31,2025-08-01,2,LS,PSSA3,L,0.011742323434818578,0.012493629231126725,0.0007513057963081469,reweight,Financial Services,11,2,52.45,1.1742323434818582,1.1744011477259135
2025-07-31,2025-08-01,2,LS,QUAL3,L,0.011742323434818578,0.012493629231126725,0.0007513057963081469,reweight,Other,2,1,1.64,1.1742323434818582,1.1744011477259135
2025-07-31,2025-08-01,2,LS,RANI3,L,0.011742323434818578,0.012493629231126725,0.0007513057963081469,reweight,Pulp & Paper,2,1,7.414039798,1.1742323434818582,1.1744011477259135
2025-07-31,2025-08-01,2,LS,SBSP3,L,0.011742323434818578,0.012493629231126725,0.0007513057963081469,reweight,Other,17,0,109.71,1.1742323434818582,1.1744011477259135
2025-07-31,2025-08-01,2,LS,STBP3,L,0.011742323434818578,0.012493629231126725,0.0007513057963081469,reweight,Transportation Services,14,0,13.97,1.1742323434818582,1.1744011477259135
2025-07-31,2025-08-01,2,LS,SYNE3,L,0.011742323434818578,0.012493629231126725,0.0007513057963081469,reweight,Other,14,1,6.78,1.1742323434818582,1.1744011477259135
2025-07-31,2025-08-01,2,LS,TEND3,L,0.011742323434818578,0.012493629231126725,0.0007513057963081469,reweight,Construction,5,2,21.1486771,1.1742323434818582,1.1744011477259135
2025-07-31,2025-08-01,2,LS,TGMA3,L,0.011742323434818578,0.012493629231126725,0.0007513057963081469,reweight,Transportation Services,14,1,35.19125231,1.1742323434818582,1.1744011477259135
2025-07-31,2025-08-01,2,LS,TIMS3,L,0.011742323434818578,0.0,-0.011742323434818578,exit,Telecommunication,34,0,20.89,1.1742323434818582,1.1744011477259135
2025-07-31,2025-08-01,2,LS,TRIS3,L,0.011742323434818578,0.012493629231126725,0.0007513057963081469,reweight,Construction,2,0,6.21,1.1742323434818582,1.1744011477259135
2025-07-31,2025-08-01,2,LS,TTEN3,L,0.011742323434818578,0.012493629231126725,0.0007513057963081469,reweight,Agriculture & Fisheries,8,0,13.7,1.1742323434818582,1.1744011477259135
2025-07-31,2025-08-01,2,LS,UGPA3,L,0.011742323434818578,0.012493629231126725,0.0007513057963081469,reweight,Oil & Gas,2,0,17.41,1.1742323434818582,1.1744011477259135
2025-07-31,2025-08-01,2,LS,UNIP6,L,0.011742323434818578,0.012493629231126725,0.0007513057963081469,reweight,Chemical,2,0,52.23086899,1.1742323434818582,1.1744011477259135
2025-07-31,2025-08-01,2,LS,VBBR3,L,0.011742323434818578,0.012493629231126725,0.0007513057963081469,reweight,Oil & Gas,2,0,21.65,1.1742323434818582,1.1744011477259135
2025-07-31,2025-08-01,2,LS,VIVT3,L,0.011742323434818578,0.012493629231126725,0.0007513057963081469,reweight,Telecommunication,17,1,31.64,1.1742323434818582,1.1744011477259135
2025-07-31,2025-08-01,2,LS,VLID3,L,0.011742323434818578,0.012493629231126725,0.0007513057963081469,reweight,Other,8,1,22.3,1.1742323434818582,1.1744011477259135
2025-07-31,2025-08-01,2,LS,VULC3,L,0.011742323434818578,0.012493629231126725,0.0007513057963081469,reweight,Textile,5,0,18.72312655,1.1742323434818582,1.1744011477259135
2025-07-31,2025-08-01,2,LS,ABCB4,S,-0.01129069561040247,-0.012493629231126731,-0.0012029336207242617,reweight,Financial Services,8,1,21.58,1.1742323434818582,1.1744011477259135
2025-07-31,2025-08-01,2,LS,ALPA4,S,-0.01129069561040247,-0.012493629231126731,-0.0012029336207242617,reweight,Textile,8,0,8.59,1.1742323434818582,1.1744011477259135
2025-07-31,2025-08-01,2,LS,AMER3,S,-0.01129069561040247,-0.012493629231126731,-0.0012029336207242617,reweight,Trade,14,2,5.23,1.1742323434818582,1.1744011477259135
2025-07-31,2025-08-01,2,LS,ARML3,S,-0.01129069561040247,-0.012493629231126731,-0.0012029336207242617,reweight,Other,11,0,3.6,1.1742323434818582,1.1744011477259135
2025-07-31,2025-08-01,2,LS,AURE3,S,-0.01129069561040247,-0.012493629231126731,-0.0012029336207242617,reweight,Electric Power,8,0,9.36,1.1742323434818582,1.1744011477259135
2025-07-31,2025-08-01,2,LS,AZUL4,S,-0.01129069561040247,-0.012493629231126731,-0.0012029336207242617,reweight,Transportation Services,14,0,0.67,1.1742323434818582,1.1744011477259135
2025-07-31,2025-08-01,2,LS,AZZA3,S,-0.01129069561040247,-0.012493629231126731,-0.0012029336207242617,reweight,Textile,17,0,36.38,1.1742323434818582,1.1744011477259135
2025-07-31,2025-08-01,2,LS,BPAN4,S,-0.01129069561040247,-0.012493629231126731,-0.0012029336207242617,reweight,Financial Services,5,0,7.92,1.1742323434818582,1.1744011477259135
2025-07-31,2025-08-01,2,LS,BRAV3,S,-0.01129069561040247,-0.012493629231126731,-0.0012029336207242617,reweight,Oil & Gas,2,0,19.94,1.1742323434818582,1.1744011477259135
2025-07-31,2025-08-01,2,LS,BRBI11,S,-0.01129069561040247,-0.012493629231126731,-0.0012029336207242617,reweight,Financial Services,2,0,15.19858757,1.1742323434818582,1.1744011477259135
2025-07-31,2025-08-01,2,LS,BRKM5,S,-0.01129069561040247,-0.012493629231126731,-0.0012029336207242617,reweight,Chemical,5,0,8.75,1.1742323434818582,1.1744011477259135
2025-07-31,2025-08-01,2,LS,BRSR6,S,-0.01129069561040247,-0.012493629231126731,-0.0012029336207242617,reweight,Financial Services,14,0,10.99,1.1742323434818582,1.1744011477259135
2025-07-31,2025-08-01,2,LS,CAML3,S,-0.01129069561040247,-0.012493629231126731,-0.0012029336207242617,reweight,Food & Beverage,5,0,4.57,1.1742323434818582,1.1744011477259135
2025-07-31,2025-08-01,2,LS,CBAV3,S,-0.01129069561040247,-0.012493629231126731,-0.0012029336207242617,reweight,Mining,2,0,4.72,1.1742323434818582,1.1744011477259135
2025-07-31,2025-08-01,2,LS,CSAN3,S,-0.01129069561040247,-0.012493629231126731,-0.0012029336207242617,reweight,Oil & Gas,20,0,6.04,1.1742323434818582,1.1744011477259135
2025-07-31,2025-08-01,2,LS,CSNA3,S,-0.01129069561040247,-0.012493629231126731,-0.0012029336207242617,reweight,Basic & Fabricated Metal,8,0,8.05,1.1742323434818582,1.1744011477259135
2025-07-31,2025-08-01,2,LS,DXCO3,S,-0.01129069561040247,-0.012493629231126731,-0.0012029336207242617,reweight,Other,2,1,5.64,1.1742323434818582,1.1744011477259135
2025-07-31,2025-08-01,2,LS,EGIE3,S,-0.01129069561040247,-0.012493629231126731,-0.0012029336207242617,reweight,Electric Power,2,1,40.37,1.1742323434818582,1.1744011477259135
2025-07-31,2025-08-01,2,LS,EVEN3,S,-0.01129069561040247,-0.012493629231126731,-0.0012029336207242617,reweight,Construction,2,0,6.99,1.1742323434818582,1.1744011477259135
2025-07-31,2025-08-01,2,LS,GFSA3,S,-0.01129069561040247,-0.012493629231126731,-0.0012029336207242617,reweight,Construction,8,2,15.15,1.1742323434818582,1.1744011477259135
2025-07-31,2025-08-01,2,LS,HAPV3,S,-0.01129069561040247,-0.012493629231126731,-0.0012029336207242617,reweight,Other,2,0,33.53,1.1742323434818582,1.1744011477259135
2025-07-31,2025-08-01,2,LS,HYPE3,S,-0.01129069561040247,-0.012493629231126731,-0.0012029336207242617,reweight,Other,20,3,26.15,1.1742323434818582,1.1744011477259135
2025-07-31,2025-08-01,2,LS,INTB3,S,-0.01129069561040247,-0.012493629231126731,-0.0012029336207242617,reweight,Electric Electron,2,0,14.12305363,1.1742323434818582,1.1744011477259135
2025-07-31,2025-08-01,2,LS,ISAE4,S,-0.01129069561040247,-0.012493629231126731,-0.0012029336207242617,reweight,Electric Power,2,1,21.86,1.1742323434818582,1.1744011477259135
2025-07-31,2025-08-01,2,LS,JSLG3,S,-0.01129069561040247,-0.012493629231126731,-0.0012029336207242617,reweight,Transportation Services,5,0,5.35,1.1742323434818582,1.1744011477259135
2025-07-31,2025-08-01,2,LS,KLBN11,S,-0.01129069561040247,-0.012493629231126731,-0.0012029336207242617,reweight,Pulp & Paper,2,0,18.47197026,1.1742323434818582,1.1744011477259135
2025-07-31,2025-08-01,2,LS,LEVE3,S,-0.01129069561040247,-0.012493629231126731,-0.0012029336207242617,reweight,Vehicle & Parts,2,0,28.54,1.1742323434818582,1.1744011477259135
2025-07-31,2025-08-01,2,LS,LIGT3,S,-0.01129069561040247,-0.012493629231126731,-0.0012029336207242617,reweight,Electric Power,2,0,6.11,1.1742323434818582,1.1744011477259135
2025-07-31,2025-08-01,2,LS,LJQQ3,S,-0.01129069561040247,-0.012493629231126731,-0.0012029336207242617,reweight,Trade,5,0,2.44,1.1742323434818582,1.1744011477259135
2025-07-31,2025-08-01,2,LS,LOGG3,S,-0.01129069561040247,-0.012493629231126731,-0.0012029336207242617,reweight,Construction,2,0,20.9803818,1.1742323434818582,1.1744011477259135
2025-07-31,2025-08-01,2,LS,LWSA3,S,-0.01129069561040247,-0.012493629231126731,-0.0012029336207242617,reweight,Software & Data,14,0,3.8,1.1742323434818582,1.1744011477259135
2025-07-31,2025-08-01,2,LS,MDIA3,S,-0.01129069561040247,-0.012493629231126731,-0.0012029336207242617,reweight,Food & Beverage,14,0,24.74,1.1742323434818582,1.1744011477259135
2025-07-31,2025-08-01,2,LS,MGLU3,S,-0.01129069561040247,-0.012493629231126731,-0.0012029336207242617,reweight,Trade,5,1,7.27,1.1742323434818582,1.1744011477259135
2025-07-31,2025-08-01,2,LS,MRVE3,S,-0.01129069561040247,-0.012493629231126731,-0.0012029336207242617,reweight,Construction,17,1,6.03,1.1742323434818582,1.1744011477259135
2025-07-31,2025-08-01,2,LS,NATU3,S,-0.01129069561040247,-0.012493629231126731,-0.0012029336207242617,reweight,Trade,2,1,9.19,1.1742323434818582,1.1744011477259135
2025-07-31,2025-08-01,2,LS,OIBR3,S,-0.01129069561040247,0.0,0.01129069561040247,exit,Telecommunication,46,0,0.53,1.1742323434818582,1.1744011477259135
2025-07-31,2025-08-01,2,LS,ONCO3,S,-0.01129069561040247,-0.012493629231126731,-0.0012029336207242617,reweight,Other,14,2,5.47,1.1742323434818582,1.1744011477259135
2025-07-31,2025-08-01,2,LS,RAIZ4,S,-0.01129069561040247,-0.012493629231126731,-0.0012029336207242617,reweight,Agriculture & Fisheries,11,1,1.42,1.1742323434818582,1.1744011477259135
2025-07-31,2025-08-01,2,LS,RAPT4,S,-0.01129069561040247,-0.012493629231126731,-0.0012029336207242617,reweight,Vehicle & Parts,14,1,7.15,1.1742323434818582,1.1744011477259135
2025-07-31,2025-08-01,2,LS,RCSL4,S,-0.01129069561040247,0.0,0.01129069561040247,exit,Vehicle & Parts,7,1,1.09,1.1742323434818582,1.1744011477259135
2025-07-31,2025-08-01,2,LS,SANB11,S,-0.01129069561040247,-0.012493629231126731,-0.0012029336207242617,reweight,Financial Services,2,2,26.6,1.1742323434818582,1.1744011477259135
2025-07-31,2025-08-01,2,LS,SHUL4,S,-0.01129069561040247,0.0,0.01129069561040247,exit,Vehicle & Parts,1,0,4.97,1.1742323434818582,1.1744011477259135
2025-07-31,2025-08-01,2,LS,SMTO3,S,-0.01129069561040247,-0.012493629231126731,-0.0012029336207242617,reweight,Other,2,0,17.4,1.1742323434818582,1.1744011477259135
2025-07-31,2025-08-01,2,LS,SOJA3,S,-0.01129069561040247,-0.012493629231126731,-0.0012029336207242617,reweight,Agriculture & Fisheries,8,0,10.36,1.1742323434818582,1.1744011477259135
2025-07-31,2025-08-01,2,LS,SUZB3,S,-0.01129069561040247,-0.012493629231126731,-0.0012029336207242617,reweight,Pulp & Paper,2,0,52.28,1.1742323434818582,1.1744011477259135
2025-07-31,2025-08-01,2,LS,TUPY3,S,-0.01129069561040247,-0.012493629231126731,-0.0012029336207242617,reweight,Vehicle & Parts,2,1,16.19,1.1742323434818582,1.1744011477259135
2025-07-31,2025-08-01,2,LS,USIM5,S,-0.01129069561040247,-0.012493629231126731,-0.0012029336207242617,reweight,Basic & Fabricated Metal,5,1,4.45,1.1742323434818582,1.1744011477259135
2025-07-31,2025-08-01,2,LS,VALE3,S,-0.01129069561040247,-0.012493629231126731,-0.0012029336207242617,reweight,Mining,14,0,52.40122673,1.1742323434818582,1.1744011477259135
2025-07-31,2025-08-01,2,LS,VAMO3,S,-0.01129069561040247,-0.012493629231126731,-0.0012029336207242617,reweight,Other,8,0,3.92,1.1742323434818582,1.1744011477259135
2025-07-31,2025-08-01,2,LS,VTRU3,S,-0.01129069561040247,-0.012493629231126731,-0.0012029336207242617,reweight,Other,2,0,9.14,1.1742323434818582,1.1744011477259135
2025-07-31,2025-08-01,2,LS,WIZC3,S,-0.01129069561040247,0.0,0.01129069561040247,exit,Financial Services,7,0,7.53,1.1742323434818582,1.1744011477259135
2025-07-31,2025-08-01,2,LS,ZAMP3,S,-0.01129069561040247,0.0,0.01129069561040247,exit,Other,1,2,3.45,1.1742323434818582,1.1744011477259135
